加载指令（Load）：
    LB：  000000110010 10101 000 10001 0000011
    LH：  000000110010 10101 001 10001 0000011
    LW：  000000110010 10101 010 10001 0000011

存储指令（Store）：
    SB：  000000110010 10101 000 10001 0100011
    SH：  000000110010 10101 001 10001 0100011
    SW：  000000110010 10101 010 10001 0100011

操作数立即数指令（Operate Immediate）：
    ADDI：000011000010 10101 000 10001 0010011
    SLTI：000011000010 10101 010 10001 0010011
   SLTIU：000011000010 10101 011 10001 0010011
    XORI：000011000010 10101 100 10001 0010011
    ORI： 000011000010 10101 110 10001 0010011
    ANDI：000011000010 10101 111 10001 0010011
    SLLI：000000000010 10101 001 10001 0010011
    SRLI：000000000010 10101 101 10001 0010011
    SRAI：010000000010 10101 101 10001 0010011

寄存器-寄存器操作指令（Operate Register）：
    ADD： 0000000 01010 10101 000 10001 0110011
    SUB： 0100000 01010 10101 000 10001 0110011
    SLL： 0000000 01010 10101 001 10001 0110011
    SLT： 0000000 01010 10101 010 10001 0110011
    SLTU：0000000 01010 10101 011 10001 0110011
    XOR： 0000000 01010 10101 100 10001 0110011
    SRL： 0000000 01010 10101 101 10001 0110011
    SRA： 0100000 01010 10101 101 10001 0110011
    OR：  0000000 01010 10101 110 10001 0110011
    AND： 0000000 01010 10101 111 10001 0110011

分支指令（Branch）：
    BEQ： 000110010010 10101 000 10001 1100011
    BNE： 000110010010 10101 001 10001 1100011
    BLT： 000110010010 10101 100 10001 1100011
    BGE： 000110010010 10101 101 10001 1100011
    BLTU：000110010010 10101 110 10001 1100011
    BGEU：000110010010 10101 111 10001 1100011

跳转和链接指令
    JAL： 000000000000 00000 000 10001 1101111
    JALR：000000000000 00000 000 10001 1100111
    LUI： 000000000000 00000 000 10001 0110111
   AUIPC：000000000000 00000 000 10001 0010111
